0.000000000000000000e+00
1.001000000000000000e+03
2.001000000000000000e+03
3.002000000000000000e+03
4.003000000000000000e+03
5.003000000000000000e+03
6.004000000000000000e+03
7.004000000000000000e+03
8.005000000000000000e+03
9.006000000000000000e+03
1.000600000000000000e+04
1.100700000000000000e+04
1.200800000000000000e+04
1.300800000000000000e+04
1.400900000000000000e+04
1.500900000000000000e+04
1.601000000000000000e+04
1.701100000000000000e+04
1.801100000000000000e+04
1.901200000000000000e+04
2.001300000000000000e+04
2.101300000000000000e+04
2.201400000000000000e+04
2.301400000000000000e+04
2.401500000000000000e+04
2.501600000000000000e+04
2.601600000000000000e+04
2.701700000000000000e+04
2.801800000000000000e+04
2.901800000000000000e+04
3.001900000000000000e+04
3.101900000000000000e+04
3.202000000000000000e+04
3.302100000000000000e+04
3.402100000000000000e+04
3.502200000000000000e+04
3.602200000000000000e+04
3.702300000000000000e+04
3.802400000000000000e+04
3.902400000000000000e+04
4.002500000000000000e+04
4.102500000000000000e+04
4.202600000000000000e+04
4.302700000000000000e+04
4.402700000000000000e+04
4.502800000000000000e+04
4.602900000000000000e+04
4.702900000000000000e+04
4.803000000000000000e+04
4.903000000000000000e+04
5.003100000000000000e+04
5.103100000000000000e+04
5.203200000000000000e+04
5.303300000000000000e+04
5.403300000000000000e+04
5.503400000000000000e+04
5.603400000000000000e+04
5.703500000000000000e+04
5.803600000000000000e+04
5.903600000000000000e+04
6.003700000000000000e+04
6.103700000000000000e+04
6.203800000000000000e+04
6.303900000000000000e+04
6.403900000000000000e+04
6.504000000000000000e+04
6.604000000000000000e+04
6.704100000000000000e+04
6.804100000000000000e+04
6.904200000000000000e+04
7.004300000000000000e+04
7.104300000000000000e+04
7.204400000000000000e+04
7.304400000000000000e+04
7.404500000000000000e+04
7.504500000000000000e+04
7.604600000000000000e+04
7.704700000000000000e+04
7.804700000000000000e+04
7.904800000000000000e+04
8.004800000000000000e+04
8.104900000000000000e+04
8.204900000000000000e+04
8.305000000000000000e+04
8.405000000000000000e+04
8.505100000000000000e+04
8.605100000000000000e+04
8.705200000000000000e+04
8.805300000000000000e+04
8.905300000000000000e+04
9.005400000000000000e+04
9.105400000000000000e+04
9.205500000000000000e+04
9.305500000000000000e+04
9.405600000000000000e+04
9.505600000000000000e+04
9.605700000000000000e+04
9.705700000000000000e+04
9.805800000000000000e+04
9.905800000000000000e+04
1.000590000000000000e+05
1.010590000000000000e+05
1.020600000000000000e+05
1.030600000000000000e+05
1.040610000000000000e+05
1.050610000000000000e+05
1.060620000000000000e+05
1.070620000000000000e+05
1.080630000000000000e+05
1.090630000000000000e+05
1.100640000000000000e+05
1.110640000000000000e+05
1.120650000000000000e+05
1.130650000000000000e+05
1.140660000000000000e+05
1.150660000000000000e+05
1.160670000000000000e+05
1.170670000000000000e+05
1.180680000000000000e+05
1.190680000000000000e+05
1.200680000000000000e+05
1.210690000000000000e+05
1.220690000000000000e+05
1.230700000000000000e+05
1.240700000000000000e+05
1.250710000000000000e+05
1.260710000000000000e+05
1.270720000000000000e+05
1.280720000000000000e+05
1.290720000000000000e+05
1.300730000000000000e+05
1.310730000000000000e+05
1.320740000000000000e+05
1.330740000000000000e+05
1.340750000000000000e+05
1.350750000000000000e+05
1.360750000000000000e+05
1.370760000000000000e+05
1.380760000000000000e+05
1.390770000000000000e+05
1.400770000000000000e+05
1.410770000000000000e+05
1.420780000000000000e+05
1.430780000000000000e+05
1.440790000000000000e+05
1.450790000000000000e+05
1.460790000000000000e+05
1.470800000000000000e+05
1.480800000000000000e+05
1.490810000000000000e+05
1.500810000000000000e+05
1.510810000000000000e+05
1.520820000000000000e+05
1.530820000000000000e+05
1.540820000000000000e+05
1.550830000000000000e+05
1.560830000000000000e+05
1.570830000000000000e+05
1.580840000000000000e+05
1.590840000000000000e+05
1.600840000000000000e+05
1.610850000000000000e+05
1.620850000000000000e+05
1.630850000000000000e+05
1.640860000000000000e+05
1.650860000000000000e+05
1.660860000000000000e+05
1.670870000000000000e+05
1.680870000000000000e+05
1.690870000000000000e+05
1.700880000000000000e+05
1.710880000000000000e+05
1.720880000000000000e+05
1.730890000000000000e+05
1.740890000000000000e+05
1.750890000000000000e+05
1.760890000000000000e+05
1.770900000000000000e+05
1.780900000000000000e+05
1.790900000000000000e+05
1.800900000000000000e+05
1.810910000000000000e+05
1.820910000000000000e+05
1.830910000000000000e+05
1.840920000000000000e+05
1.850920000000000000e+05
1.860920000000000000e+05
1.870920000000000000e+05
1.880930000000000000e+05
1.890930000000000000e+05
1.900930000000000000e+05
1.910930000000000000e+05
1.920930000000000000e+05
1.930940000000000000e+05
1.940940000000000000e+05
1.950940000000000000e+05
1.960940000000000000e+05
1.970950000000000000e+05
1.980950000000000000e+05
1.990950000000000000e+05
2.000950000000000000e+05
2.010950000000000000e+05
2.020950000000000000e+05
2.030960000000000000e+05
2.040960000000000000e+05
2.050960000000000000e+05
2.060960000000000000e+05
2.070960000000000000e+05
2.080970000000000000e+05
2.090970000000000000e+05
2.100970000000000000e+05
2.110970000000000000e+05
2.120970000000000000e+05
2.130970000000000000e+05
2.140970000000000000e+05
2.150980000000000000e+05
2.160980000000000000e+05
2.170980000000000000e+05
2.180980000000000000e+05
2.190980000000000000e+05
2.200980000000000000e+05
2.210980000000000000e+05
2.220980000000000000e+05
2.230990000000000000e+05
2.240990000000000000e+05
2.250990000000000000e+05
2.260990000000000000e+05
2.270990000000000000e+05
2.280990000000000000e+05
2.290990000000000000e+05
2.300990000000000000e+05
2.310990000000000000e+05
2.320990000000000000e+05
2.330990000000000000e+05
2.340990000000000000e+05
2.351000000000000000e+05
2.361000000000000000e+05
2.371000000000000000e+05
2.381000000000000000e+05
2.391000000000000000e+05
2.401000000000000000e+05
2.411000000000000000e+05
2.421000000000000000e+05
2.431000000000000000e+05
2.441000000000000000e+05
2.451000000000000000e+05
2.461000000000000000e+05
2.471000000000000000e+05
2.481000000000000000e+05
2.491000000000000000e+05
2.501000000000000000e+05
2.511000000000000000e+05
2.521000000000000000e+05
2.531000000000000000e+05
2.541000000000000000e+05
2.551000000000000000e+05
2.561000000000000000e+05
2.571000000000000000e+05
2.581000000000000000e+05
2.591000000000000000e+05
2.601000000000000000e+05
2.611000000000000000e+05
2.621000000000000000e+05
2.631000000000000000e+05
2.641000000000000000e+05
2.651000000000000000e+05
2.660990000000000000e+05
2.670990000000000000e+05
2.680990000000000000e+05
2.690990000000000000e+05
2.700990000000000000e+05
2.710990000000000000e+05
2.720990000000000000e+05
2.730990000000000000e+05
2.740990000000000000e+05
2.750990000000000000e+05
2.760990000000000000e+05
2.770990000000000000e+05
2.780980000000000000e+05
2.790980000000000000e+05
2.800980000000000000e+05
2.810980000000000000e+05
2.820980000000000000e+05
2.830980000000000000e+05
2.840980000000000000e+05
2.850980000000000000e+05
2.860970000000000000e+05
2.870970000000000000e+05
2.880970000000000000e+05
2.890970000000000000e+05
2.900970000000000000e+05
2.910970000000000000e+05
2.920970000000000000e+05
2.930960000000000000e+05
2.940960000000000000e+05
2.950960000000000000e+05
2.960960000000000000e+05
2.970960000000000000e+05
2.980950000000000000e+05
2.990950000000000000e+05
3.000950000000000000e+05
3.010950000000000000e+05
3.020950000000000000e+05
3.030950000000000000e+05
3.040940000000000000e+05
3.050940000000000000e+05
3.060940000000000000e+05
3.070940000000000000e+05
3.080930000000000000e+05
3.090930000000000000e+05
3.100930000000000000e+05
3.110930000000000000e+05
3.120930000000000000e+05
3.130920000000000000e+05
3.140920000000000000e+05
3.150920000000000000e+05
3.160920000000000000e+05
3.170910000000000000e+05
3.180910000000000000e+05
3.190910000000000000e+05
3.200900000000000000e+05
3.210900000000000000e+05
3.220900000000000000e+05
3.230900000000000000e+05
3.240890000000000000e+05
3.250890000000000000e+05
3.260890000000000000e+05
3.270890000000000000e+05
3.280880000000000000e+05
3.290880000000000000e+05
3.300880000000000000e+05
3.310870000000000000e+05
3.320870000000000000e+05
3.330870000000000000e+05
3.340860000000000000e+05
3.350860000000000000e+05
3.360860000000000000e+05
3.370850000000000000e+05
3.380850000000000000e+05
3.390850000000000000e+05
3.400840000000000000e+05
3.410840000000000000e+05
3.420840000000000000e+05
3.430830000000000000e+05
3.440830000000000000e+05
3.450830000000000000e+05
3.460820000000000000e+05
3.470820000000000000e+05
3.480820000000000000e+05
3.490810000000000000e+05
3.500810000000000000e+05
3.510810000000000000e+05
3.520800000000000000e+05
3.530800000000000000e+05
3.540790000000000000e+05
3.550790000000000000e+05
3.560790000000000000e+05
3.570780000000000000e+05
3.580780000000000000e+05
3.590770000000000000e+05
3.600770000000000000e+05
3.610770000000000000e+05
3.620760000000000000e+05
3.630760000000000000e+05
3.640750000000000000e+05
3.650750000000000000e+05
3.660750000000000000e+05
3.670740000000000000e+05
3.680740000000000000e+05
3.690730000000000000e+05
3.700730000000000000e+05
3.710720000000000000e+05
3.720720000000000000e+05
3.730720000000000000e+05
3.740710000000000000e+05
3.750710000000000000e+05
3.760700000000000000e+05
3.770700000000000000e+05
3.780690000000000000e+05
3.790690000000000000e+05
3.800680000000000000e+05
3.810680000000000000e+05
3.820680000000000000e+05
3.830670000000000000e+05
3.840670000000000000e+05
3.850660000000000000e+05
3.860660000000000000e+05
3.870650000000000000e+05
3.880650000000000000e+05
3.890640000000000000e+05
3.900640000000000000e+05
3.910630000000000000e+05
3.920630000000000000e+05
3.930620000000000000e+05
3.940620000000000000e+05
3.950610000000000000e+05
3.960610000000000000e+05
3.970600000000000000e+05
3.980600000000000000e+05
3.990590000000000000e+05
4.000590000000000000e+05
4.010580000000000000e+05
4.020580000000000000e+05
4.030570000000000000e+05
4.040570000000000000e+05
4.050560000000000000e+05
4.060560000000000000e+05
4.070550000000000000e+05
4.080550000000000000e+05
4.090540000000000000e+05
4.100540000000000000e+05
4.110530000000000000e+05
4.120530000000000000e+05
4.130520000000000000e+05
4.140510000000000000e+05
4.150510000000000000e+05
4.160500000000000000e+05
4.170500000000000000e+05
4.180490000000000000e+05
4.190490000000000000e+05
4.200480000000000000e+05
4.210480000000000000e+05
4.220470000000000000e+05
4.230470000000000000e+05
4.240460000000000000e+05
4.250450000000000000e+05
4.260450000000000000e+05
4.270440000000000000e+05
4.280440000000000000e+05
4.290430000000000000e+05
4.300430000000000000e+05
4.310420000000000000e+05
4.320410000000000000e+05
4.330410000000000000e+05
4.340400000000000000e+05
4.350400000000000000e+05
4.360390000000000000e+05
4.370390000000000000e+05
4.380380000000000000e+05
4.390370000000000000e+05
4.400370000000000000e+05
4.410360000000000000e+05
4.420360000000000000e+05
4.430350000000000000e+05
4.440340000000000000e+05
4.450340000000000000e+05
4.460330000000000000e+05
4.470330000000000000e+05
4.480320000000000000e+05
4.490310000000000000e+05
4.500310000000000000e+05
4.510300000000000000e+05
4.520300000000000000e+05
4.530290000000000000e+05
4.540290000000000000e+05
4.550280000000000000e+05
4.560270000000000000e+05
4.570270000000000000e+05
4.580260000000000000e+05
4.590250000000000000e+05
4.600250000000000000e+05
4.610240000000000000e+05
4.620240000000000000e+05
4.630230000000000000e+05
4.640220000000000000e+05
4.650220000000000000e+05
4.660210000000000000e+05
4.670210000000000000e+05
4.680200000000000000e+05
4.690190000000000000e+05
4.700190000000000000e+05
4.710180000000000000e+05
4.720180000000000000e+05
4.730170000000000000e+05
4.740160000000000000e+05
4.750160000000000000e+05
4.760150000000000000e+05
4.770140000000000000e+05
4.780140000000000000e+05
4.790130000000000000e+05
4.800130000000000000e+05
4.810120000000000000e+05
4.820110000000000000e+05
4.830110000000000000e+05
4.840100000000000000e+05
4.850090000000000000e+05
4.860090000000000000e+05
4.870080000000000000e+05
4.880080000000000000e+05
4.890070000000000000e+05
4.900060000000000000e+05
4.910060000000000000e+05
4.920050000000000000e+05
4.930040000000000000e+05
4.940040000000000000e+05
4.950030000000000000e+05
4.960030000000000000e+05
4.970020000000000000e+05
4.980010000000000000e+05
4.990010000000000000e+05
5.000000000000000000e+05
5.009990000000000000e+05
5.019990000000000000e+05
5.029980000000000000e+05
5.039970000000000000e+05
5.049970000000000000e+05
5.059960000000000000e+05
5.069960000000000000e+05
5.079950000000000000e+05
5.089940000000000000e+05
5.099940000000000000e+05
5.109930000000000000e+05
5.119920000000000000e+05
5.129920000000000000e+05
5.139910000000000000e+05
5.149910000000000000e+05
5.159900000000000000e+05
5.169890000000000000e+05
5.179890000000000000e+05
5.189880000000000000e+05
5.199870000000000000e+05
5.209870000000000000e+05
5.219860000000000000e+05
5.229860000000000000e+05
5.239850000000000000e+05
5.249840000000000000e+05
5.259840000000000000e+05
5.269830000000000000e+05
5.279820000000000000e+05
5.289820000000000000e+05
5.299810000000000000e+05
5.309810000000000000e+05
5.319800000000000000e+05
5.329790000000000000e+05
5.339790000000000000e+05
5.349780000000000000e+05
5.359780000000000000e+05
5.369770000000000000e+05
5.379760000000000000e+05
5.389760000000000000e+05
5.399750000000000000e+05
5.409750000000000000e+05
5.419740000000000000e+05
5.429730000000000000e+05
5.439730000000000000e+05
5.449720000000000000e+05
5.459710000000000000e+05
5.469710000000000000e+05
5.479700000000000000e+05
5.489700000000000000e+05
5.499690000000000000e+05
5.509690000000000000e+05
5.519680000000000000e+05
5.529670000000000000e+05
5.539670000000000000e+05
5.549660000000000000e+05
5.559660000000000000e+05
5.569650000000000000e+05
5.579640000000000000e+05
5.589640000000000000e+05
5.599630000000000000e+05
5.609630000000000000e+05
5.619620000000000000e+05
5.629610000000000000e+05
5.639610000000000000e+05
5.649600000000000000e+05
5.659600000000000000e+05
5.669590000000000000e+05
5.679590000000000000e+05
5.689580000000000000e+05
5.699570000000000000e+05
5.709570000000000000e+05
5.719560000000000000e+05
5.729560000000000000e+05
5.739550000000000000e+05
5.749550000000000000e+05
5.759540000000000000e+05
5.769530000000000000e+05
5.779530000000000000e+05
5.789520000000000000e+05
5.799520000000000000e+05
5.809510000000000000e+05
5.819510000000000000e+05
5.829500000000000000e+05
5.839500000000000000e+05
5.849490000000000000e+05
5.859490000000000000e+05
5.869480000000000000e+05
5.879470000000000000e+05
5.889470000000000000e+05
5.899460000000000000e+05
5.909460000000000000e+05
5.919450000000000000e+05
5.929450000000000000e+05
5.939440000000000000e+05
5.949440000000000000e+05
5.959430000000000000e+05
5.969430000000000000e+05
5.979420000000000000e+05
5.989420000000000000e+05
5.999410000000000000e+05
6.009410000000000000e+05
6.019400000000000000e+05
6.029400000000000000e+05
6.039390000000000000e+05
6.049390000000000000e+05
6.059380000000000000e+05
6.069380000000000000e+05
6.079370000000000000e+05
6.089370000000000000e+05
6.099360000000000000e+05
6.109360000000000000e+05
6.119350000000000000e+05
6.129350000000000000e+05
6.139340000000000000e+05
6.149340000000000000e+05
6.159330000000000000e+05
6.169330000000000000e+05
6.179320000000000000e+05
6.189320000000000000e+05
6.199320000000000000e+05
6.209310000000000000e+05
6.219310000000000000e+05
6.229300000000000000e+05
6.239300000000000000e+05
6.249290000000000000e+05
6.259290000000000000e+05
6.269280000000000000e+05
6.279280000000000000e+05
6.289280000000000000e+05
6.299270000000000000e+05
6.309270000000000000e+05
6.319260000000000000e+05
6.329260000000000000e+05
6.339250000000000000e+05
6.349250000000000000e+05
6.359250000000000000e+05
6.369240000000000000e+05
6.379240000000000000e+05
6.389230000000000000e+05
6.399230000000000000e+05
6.409230000000000000e+05
6.419220000000000000e+05
6.429220000000000000e+05
6.439210000000000000e+05
6.449210000000000000e+05
6.459210000000000000e+05
6.469200000000000000e+05
6.479200000000000000e+05
6.489190000000000000e+05
6.499190000000000000e+05
6.509190000000000000e+05
6.519180000000000000e+05
6.529180000000000000e+05
6.539180000000000000e+05
6.549170000000000000e+05
6.559170000000000000e+05
6.569170000000000000e+05
6.579160000000000000e+05
6.589160000000000000e+05
6.599160000000000000e+05
6.609150000000000000e+05
6.619150000000000000e+05
6.629150000000000000e+05
6.639140000000000000e+05
6.649140000000000000e+05
6.659140000000000000e+05
6.669130000000000000e+05
6.679130000000000000e+05
6.689130000000000000e+05
6.699120000000000000e+05
6.709120000000000000e+05
6.719120000000000000e+05
6.729110000000000000e+05
6.739110000000000000e+05
6.749110000000000000e+05
6.759110000000000000e+05
6.769100000000000000e+05
6.779100000000000000e+05
6.789100000000000000e+05
6.799100000000000000e+05
6.809090000000000000e+05
6.819090000000000000e+05
6.829090000000000000e+05
6.839080000000000000e+05
6.849080000000000000e+05
6.859080000000000000e+05
6.869080000000000000e+05
6.879070000000000000e+05
6.889070000000000000e+05
6.899070000000000000e+05
6.909070000000000000e+05
6.919070000000000000e+05
6.929060000000000000e+05
6.939060000000000000e+05
6.949060000000000000e+05
6.959060000000000000e+05
6.969050000000000000e+05
6.979050000000000000e+05
6.989050000000000000e+05
6.999050000000000000e+05
7.009050000000000000e+05
7.019050000000000000e+05
7.029040000000000000e+05
7.039040000000000000e+05
7.049040000000000000e+05
7.059040000000000000e+05
7.069040000000000000e+05
7.079030000000000000e+05
7.089030000000000000e+05
7.099030000000000000e+05
7.109030000000000000e+05
7.119030000000000000e+05
7.129030000000000000e+05
7.139030000000000000e+05
7.149020000000000000e+05
7.159020000000000000e+05
7.169020000000000000e+05
7.179020000000000000e+05
7.189020000000000000e+05
7.199020000000000000e+05
7.209020000000000000e+05
7.219020000000000000e+05
7.229010000000000000e+05
7.239010000000000000e+05
7.249010000000000000e+05
7.259010000000000000e+05
7.269010000000000000e+05
7.279010000000000000e+05
7.289010000000000000e+05
7.299010000000000000e+05
7.309010000000000000e+05
7.319010000000000000e+05
7.329010000000000000e+05
7.339010000000000000e+05
7.349000000000000000e+05
7.359000000000000000e+05
7.369000000000000000e+05
7.379000000000000000e+05
7.389000000000000000e+05
7.399000000000000000e+05
7.409000000000000000e+05
7.419000000000000000e+05
7.429000000000000000e+05
7.439000000000000000e+05
7.449000000000000000e+05
7.459000000000000000e+05
7.469000000000000000e+05
7.479000000000000000e+05
7.489000000000000000e+05
7.499000000000000000e+05
7.509000000000000000e+05
7.519000000000000000e+05
7.529000000000000000e+05
7.539000000000000000e+05
7.549000000000000000e+05
7.559000000000000000e+05
7.569000000000000000e+05
7.579000000000000000e+05
7.589000000000000000e+05
7.599000000000000000e+05
7.609000000000000000e+05
7.619000000000000000e+05
7.629000000000000000e+05
7.639000000000000000e+05
7.649000000000000000e+05
7.659010000000000000e+05
7.669010000000000000e+05
7.679010000000000000e+05
7.689010000000000000e+05
7.699010000000000000e+05
7.709010000000000000e+05
7.719010000000000000e+05
7.729010000000000000e+05
7.739010000000000000e+05
7.749010000000000000e+05
7.759010000000000000e+05
7.769010000000000000e+05
7.779020000000000000e+05
7.789020000000000000e+05
7.799020000000000000e+05
7.809020000000000000e+05
7.819020000000000000e+05
7.829020000000000000e+05
7.839020000000000000e+05
7.849020000000000000e+05
7.859030000000000000e+05
7.869030000000000000e+05
7.879030000000000000e+05
7.889030000000000000e+05
7.899030000000000000e+05
7.909030000000000000e+05
7.919030000000000000e+05
7.929040000000000000e+05
7.939040000000000000e+05
7.949040000000000000e+05
7.959040000000000000e+05
7.969040000000000000e+05
7.979050000000000000e+05
7.989050000000000000e+05
7.999050000000000000e+05
8.009050000000000000e+05
8.019050000000000000e+05
8.029050000000000000e+05
8.039060000000000000e+05
8.049060000000000000e+05
8.059060000000000000e+05
8.069060000000000000e+05
8.079070000000000000e+05
8.089070000000000000e+05
8.099070000000000000e+05
8.109070000000000000e+05
8.119070000000000000e+05
8.129080000000000000e+05
8.139080000000000000e+05
8.149080000000000000e+05
8.159080000000000000e+05
8.169090000000000000e+05
8.179090000000000000e+05
8.189090000000000000e+05
8.199100000000000000e+05
8.209100000000000000e+05
8.219100000000000000e+05
8.229100000000000000e+05
8.239110000000000000e+05
8.249110000000000000e+05
8.259110000000000000e+05
8.269110000000000000e+05
8.279120000000000000e+05
8.289120000000000000e+05
8.299120000000000000e+05
8.309130000000000000e+05
8.319130000000000000e+05
8.329130000000000000e+05
8.339140000000000000e+05
8.349140000000000000e+05
8.359140000000000000e+05
8.369150000000000000e+05
8.379150000000000000e+05
8.389150000000000000e+05
8.399160000000000000e+05
8.409160000000000000e+05
8.419160000000000000e+05
8.429170000000000000e+05
8.439170000000000000e+05
8.449170000000000000e+05
8.459180000000000000e+05
8.469180000000000000e+05
8.479180000000000000e+05
8.489190000000000000e+05
8.499190000000000000e+05
8.509190000000000000e+05
8.519200000000000000e+05
8.529200000000000000e+05
8.539210000000000000e+05
8.549210000000000000e+05
8.559210000000000000e+05
8.569220000000000000e+05
8.579220000000000000e+05
8.589230000000000000e+05
8.599230000000000000e+05
8.609230000000000000e+05
8.619240000000000000e+05
8.629240000000000000e+05
8.639250000000000000e+05
8.649250000000000000e+05
8.659250000000000000e+05
8.669260000000000000e+05
8.679260000000000000e+05
8.689270000000000000e+05
8.699270000000000000e+05
8.709280000000000000e+05
8.719280000000000000e+05
8.729280000000000000e+05
8.739290000000000000e+05
8.749290000000000000e+05
8.759300000000000000e+05
8.769300000000000000e+05
8.779310000000000000e+05
8.789310000000000000e+05
8.799320000000000000e+05
8.809320000000000000e+05
8.819320000000000000e+05
8.829330000000000000e+05
8.839330000000000000e+05
8.849340000000000000e+05
8.859340000000000000e+05
8.869350000000000000e+05
8.879350000000000000e+05
8.889360000000000000e+05
8.899360000000000000e+05
8.909370000000000000e+05
8.919370000000000000e+05
8.929380000000000000e+05
8.939380000000000000e+05
8.949390000000000000e+05
8.959390000000000000e+05
8.969400000000000000e+05
8.979400000000000000e+05
8.989410000000000000e+05
8.999410000000000000e+05
9.009420000000000000e+05
9.019420000000000000e+05
9.029430000000000000e+05
9.039430000000000000e+05
9.049440000000000000e+05
9.059440000000000000e+05
9.069450000000000000e+05
9.079450000000000000e+05
9.089460000000000000e+05
9.099460000000000000e+05
9.109470000000000000e+05
9.119470000000000000e+05
9.129480000000000000e+05
9.139490000000000000e+05
9.149490000000000000e+05
9.159500000000000000e+05
9.169500000000000000e+05
9.179510000000000000e+05
9.189510000000000000e+05
9.199520000000000000e+05
9.209520000000000000e+05
9.219530000000000000e+05
9.229530000000000000e+05
9.239540000000000000e+05
9.249550000000000000e+05
9.259550000000000000e+05
9.269560000000000000e+05
9.279560000000000000e+05
9.289570000000000000e+05
9.299570000000000000e+05
9.309580000000000000e+05
9.319590000000000000e+05
9.329590000000000000e+05
9.339600000000000000e+05
9.349600000000000000e+05
9.359610000000000000e+05
9.369610000000000000e+05
9.379620000000000000e+05
9.389630000000000000e+05
9.399630000000000000e+05
9.409640000000000000e+05
9.419640000000000000e+05
9.429650000000000000e+05
9.439660000000000000e+05
9.449660000000000000e+05
9.459670000000000000e+05
9.469670000000000000e+05
9.479680000000000000e+05
9.489690000000000000e+05
9.499690000000000000e+05
9.509700000000000000e+05
9.519700000000000000e+05
9.529710000000000000e+05
9.539710000000000000e+05
9.549720000000000000e+05
9.559730000000000000e+05
9.569730000000000000e+05
9.579740000000000000e+05
9.589750000000000000e+05
9.599750000000000000e+05
9.609760000000000000e+05
9.619760000000000000e+05
9.629770000000000000e+05
9.639780000000000000e+05
9.649780000000000000e+05
9.659790000000000000e+05
9.669790000000000000e+05
9.679800000000000000e+05
9.689810000000000000e+05
9.699810000000000000e+05
9.709820000000000000e+05
9.719820000000000000e+05
9.729830000000000000e+05
9.739840000000000000e+05
9.749840000000000000e+05
9.759850000000000000e+05
9.769860000000000000e+05
9.779860000000000000e+05
9.789870000000000000e+05
9.799870000000000000e+05
9.809880000000000000e+05
9.819890000000000000e+05
9.829890000000000000e+05
9.839900000000000000e+05
9.849910000000000000e+05
9.859910000000000000e+05
9.869920000000000000e+05
9.879920000000000000e+05
9.889930000000000000e+05
9.899940000000000000e+05
9.909940000000000000e+05
9.919950000000000000e+05
9.929960000000000000e+05
9.939960000000000000e+05
9.949970000000000000e+05
9.959970000000000000e+05
9.969980000000000000e+05
9.979990000000000000e+05
9.989990000000000000e+05
